../../../.git/annex/objects/6K/3q/MD5E-s958--502f8fec6bd81a49bf87557e4291a7d6.csv/MD5E-s958--502f8fec6bd81a49bf87557e4291a7d6.csv