../../../.git/annex/objects/5X/P4/MD5E-s942--62c82a0756005ac1af533dc63de6affa.csv/MD5E-s942--62c82a0756005ac1af533dc63de6affa.csv